http://aids-orel.ru
http://bsmp-1.ru/taxonomy/term/8?page=25
http://rostov.dzvr.ru/
http://taganrog-gbsmp.ru/
http://www.uztag.ru
https://api.apteka.ru/City/Cities?searchQuery=%D0%BF
https://apteka.ru/category/first_aid/medicine_chest/?filter=naz%3Ador%2Bavt%2Bper%2Buni%2Btra%3B&noindex=1&withprice=1&withprofit=1
https://apteka.ru/search/?q=%D0%B8%D1%82%D0%B0&sort=byprice&page=37
https://avtovokzal31.ru/
https://dkbvrn.ru/
https://krasnodar1.ru/txt.php?nc=one&id=216
https://russia.poezda.net/
https://tagancity.ru/
https://travel.rzd.ru/api/v1/suggestions/hotelcity?name=%D0%A1%D0%BE&limitCity=200&limitHotel=20
https://vokzalbelgorod.ru/
https://vokzalkursk.ru/
https://vokzalrostov.ru/
https://vrn.mydocuments36.ru/user/logout
https://www.brkmed.ru
https://www.ffoms.gov.ru/
https://www.tutu.ru/poezda/vkz/%D0%B2%D0%BE%D0%BA%D0%B7%D0%B0%D0%BB%D1%8B_%D0%9C%D0%BE%D1%81%D0%BA%D0%B2%D1%8B/
https://mtischr.ru/
https://tagmed1.ru/staff
http://rutracker.org/forum/viewforum.php?f=1958
http://rutracker.org/forum/viewforum.php?f=930&start=2000
https://vokzal.ru/raspisanie/Moskva/Kozhva/2000000/2010079
https://www.lostfilm.tv/search/?q=%D0%BC
https://www.lostfilm.tv/series/?type=search&g=21,2,5,18,-1,0,129912&y=1970,1990,1991,1992,1993,1994,1995,1999,1970,1990,1991,1992,1993,1994,1995,1999,1970,1990,1991,1992,1993,1994,1995,1999,1970,1990,1991,1992,1993,1994,1995,1999,1970,1990,1991,1992,1993,1994,1995,1999,1970,1990,1991,1992,1993,1994,1995,1999,1970,1990,1991,1992,1993,1994,1995,1999,1970,1990,1991,1992,1993,1994,1995,1999,1970,1990,1991,1992,1993,1994,1995,1999,1970,1990,1991,1992,1993,1994,1995,1999,2000,2011,1970,1990,1991,1992,1993,1994,1995,1999,1970,1990,1991,1992,1993,1994,1995,1999,1970,1990,1991,1992,1993,1994,1995,1999,1970,1990,1991,1992,1993,1994,1995,1999,1970,1990,1991,1992,1993,1994,1995,1999,1970,1990,1991,1992,1993,1994,1995,1999,1970,1990,1991,1992,1993,1994,1995,1999,1970,1990,1991,1992,1993,1994,1995,1999,1970,1990,1991,1992,1993,1994,1995,1999,1970,1990,1991,1992,1993,1994,1995,1999,2000,2011,1970,1990,1991,1992,1993,1994,1995,1999,1970,1990,1991,1992,1993,1994,1995,1999,1970,1990,1991,1992,1993,1994,1995,1999,1970,1990,1991,1992,1993,1994,1995,1999,1970,1990,1991,1992,1993,1994,1995,1999,1970,1990,1991,1992,1993,1994,1995,1999,1970,1990,1991,1992,1993,1994,1995,1999,1970,1990,1991,1992,1993,1994,1995,1999,1970,1990,1991,1992,1993,1994,1995,1999,1970,1990,1991,1992,1993,1994,1995,1999,2000,2011,1970,1990,1991,1992,1993,1994,1995,1999,1970,1990,1991,1992,1993,1994,1995,1999,1970,1990,1991,1992,1993,1994,1995,1999,1970,1990,1991,1992,1993,1994,1995,1999,1970,1990,1991,1992,1993,1994,1995,1999,1970,1990,1991,1992,1993,1994,1995,1999,1970,1990,1991,1992,1993,1994,1995,1999,1970,1990,1991,1992,1993,1994,1995,1999,1970,1990,1991,1992,1993,1994,1995,1999,1970,1990,1991,1992,1993,1994,1995,1999,2000,2011,1970,1990,1991,1992,1993,1994,1995,1999,1970,1990,1991,1992,1993,1994,1995,1999,1970,1990,1991,1992,1993,1994,1995,1999,1970,1990,1991,1992,1993,1994,1995,1999,1970,1990,1991,1992,1993,1994,1995,1999,1970,1990,1991,1992,1993,1994,1995,1999,1970,1990,1991,1992,1993,1994,1995,1999,1970,1990,1991,1992,1993,1994,1995,1999,1970,1990,1991,1992,1993,1994,1995,1999,1970,1990,1991,1992,1993,1994,1995,1999,2000,2011,2019&r=28,32,13,1,56,57,8,16,52,18,45,31,47&s=1&t=0
https://www.lostfilm.tv/new/page_1164
http://rutor.info/latest_comments
http://rutor.info/browse/4992/0/0/4